2
13
8
0000000000000
0110001111000
0110001001000
0000001001000
0000111011000
0000101001000
0000111111000
0000000000000
30
.7
.1
4

30
12
000000000000000000000000000000
011111111111111011111111110110
010000000000001010000100010110
010111111100001010000100010110
010100011100001010000100010110
010101011100001010000100010110
010101011100001010000100010110
010100011100001010000100010110
010111111100001010000100010110
010000000000001010000100010110
011111111111111011111111110110
000000000000000000000000000000
140
.96
..42
...12
....2
100
.32
.24
20
