21
5 5
1 2 3 4 5
5 4 3 2 1
2 3 4 5 6
6 5 4 3 2
1 2 1 2 1
19
4 5
1 2 3 4 5
1 2 3 4 5
1 2 3 4 5
1 2 3 4 5
20
4 10
1 2 1 2 1 2 1 2 1 2
2 1 2 1 2 1 2 1 2 1
1 2 1 2 1 2 1 2 1 2
2 1 2 1 2 1 2 1 2 1
7
3 4
1 1 1 1
0 0 0 0
0 0 0 0
4
4 3
0 1 0
0 1 0
0 1 0
0 1 0
4
3 3
1 0 0
1 0 0
1 1 0
4
3 3
1 1 1
1 0 0
0 0 0
4
3 3
0 1 1
0 0 1
0 0 1
4
3 3
0 0 0
0 0 1
1 1 1
4
3 3
0 0 1
0 0 1
0 1 1
4
3 3
0 0 0
1 0 0
1 1 1
4
3 3
1 1 0
1 0 0
1 0 0
4
3 3
1 1 1
0 0 1
0 0 0
4
3 3
1 0 0
1 1 0
0 1 0
4
3 3
0 1 1
1 1 0
0 0 0
4
3 3
0 1 0
1 1 0
1 0 0
4
3 3
1 1 0
0 1 1
0 0 0
4
3 3
1 1 0
1 1 0
0 0 0
4
3 3
1 1 1
0 1 0
0 0 0
4
3 3
1 1 1
0 1 0
0 0 0
4
3 3
0 1 0
1 1 1
0 0 0
4